Model 1: estimated alpha - all document

K = 15:15:120
1011.9348  868.5456  786.5926  738.1339  696.6930  664.2730  620.5793 574.9526

Model 2: fixed alpha = 50/K

K = 15:15:120
1362.821 1254.747 1190.030 1139.849 1124.388 1112.399 1083.844 1075.200

VOCAB STEMMED
-------------
Model 1:
K = 20:20:200
739.9724 741.9554 734.5263 511.2552 480.7194 379.8112 361.4788 354.6627 341.0038 337.3116

#############################################################################################################################

Model 1': estimated alpha - same documents as NE | VEM
K = 5, 10, 14, 18, 22, 26, 30, 34, 38 , 42 ,46, 50 ,60 ,70 ,80 ,90 ,  100, 110, 120, 150, 200
perplexity_train: 
919.0956, 1372.9020 , 696.1355 , 669.1335 , 644.0836 , 625.6815 , 602.6519 , 587.4892 , 573.5782 , 570.6608 , 563.6213 ,544.6574, 525.8022, 527.2044, 507.9753, 492.9589     , 469.4388, 430.5813 , 399.4237, 351.4015, 306.0086

perplexity_test:
1059.9175, 1504.2111,  847.8891 , 826.4392 , 807.2088 , 790.0998 , 771.5038 , 758.3908 , 745.2261 , 742.9758, 742.6395, 724.0740, 707.3859, 714.1333, 698.8240, 691.0188     , 677.5703, 641.6950 , 621.2231, 597.8551, 565.0388

likelihood_train: 
-2419877, -2562204, -2321348, -2307309, -2293776, -2283506, -2270203, -2261160, -2252669  , -2250861, -2246454, -2234309 ,-2221820, -2222762 ,-2209586, -2198949    , -2181607, -2150959 , -2124328, -2078906, -2029853

#############################################################################################################################
Model 2 : estimated alpha - same documents as NE | GIBBS SAMPLING
K = 5, 10, 14, 18, 22, 26, 30, 34, 38 , 42 46 50 60 70 80 90 ,  100, 110, 120, 150 , 200, 500

perplexity_train: 
1073.9108,  925.4457,  855.8779 , 812.3643,  780.6121 , 753.5096 , 731.2161,  711.0265 , 694.9527,  681.2321 , 669.4612 , 657.6022 , 635.9901,  618.7554 , 606.3185 , 594.4574 , 588.1499,  581.1870,  576.4081 ,  567.6944 , 570.3447, 652.833

perplexity_test:
1073.9108 , 925.4457 , 855.8779 , 812.3643 , 780.6121 , 753.5096,  731.2161 , 711.0265 , 694.9527 , 681.2321 , 669.4612 , 657.6022 , 635.9901,  618.7554 , 606.3185 , 594.4574 , 588.1499 , 581.1870 , 576.4081 ,  567.6944 , 570.3447, 652.833

likelihood_train:
-2153918, -1996322, -1924536, -1881494, -1850765, -1829276, -1812235 ,-1798197, -1785418, -1778070 ,-1773267, -1764503, -1757372, -1757169, -1758933, -1755465 ,-1759341, -1763307, -1766532 , -1783780 , -1818633, -1991506

##################################################################################################################################
ALPHA vs PERPLEXITY: fixed alpha - same documents as NE | VEM
alphas = 1e-5, 1e-4,5e-4,0.001,0.004,0.008,0.01,0.014,0.018,0.02,0.03,0.04,0.05,0.08,0.1,0.5,0.8,1,1.5,2,5,10
k = 110
min alpha = 0.014

perplexity_train:
492.9752  461.5311  434.2723 430.5263 424.2938 425.9571 427.3855 431.5199 441.2085 440.3837 449.8398 466.0977 478.4637  526.0729  555.3568  802.6662  853.0766  882.5842 1854.1560 1726.1483 1505.6189 1435.5748


perplexity_test:
1026.9678 , 885.3897 , 774.2152, 746.0483 ,693.0573 ,675.1485, 673.3120, 667.7423, 678.1464, 674.1274, 674.7299, 689.9379 ,702.5572 , 751.7003  ,779.0397,  971.1382, 1008.6588 ,1036.2923 ,2030.8766 ,1890.3419 ,1648.6836 ,1571.9694


likelihood_train:
-2198966 ,-2175590, -2154002, -2150929, -2145758, -2147146, -2148332, -2151748, -2159618, -2158951, -2166490 ,-2179081, -2188369, -2222011 ,-2241222 ,-2371844 ,-2393451, -2405511, -2668776 ,-2643405, -2594929 ,-2578035

##################################################################################################################################

Model 6: fixed alpha - same documents as NE | VEM
K = 5, 10, 14, 18, 22, 26, 30, 34, 38 , 42 ,46, 50 ,60 ,70 ,80 ,90 ,  100, 110, 120, 150, 200
alpha = 0.014

perplexity_train:
929.7205 807.9303 728.7885 694.5962 665.7222 642.2450 611.4567 600.1374 584.0393 567.6568 556.4143 541.2184 523.1811 497.8109 476.1642 455.9010 443.7259 432.5150 424.4497 399.0817, 367.8674

perplexity_test:
1087.9261  983.7430  908.1955  885.1266  858.3718  838.6937  806.4235  800.5841  786.4938  772.3279  767.7567  749.2715  744.4185  718.7123  704.6281  683.6286  679.0480  671.1315  668.1657  654.4844, 642.5734

likelihood_train: 
-2423963 -2374162 -2337604 -2320563 -2305508 -2292773 -2275351 -2268724 -2259081 -2248991 -2241898 -2232078 -2220056 -2202425 -2186661 -2171239 -2161637 -2152564 -2145887 -2124033, -2095149

##################################################################################################################################
ALPHA vs PERPLEXITY:  same documents as NE | VEM
alphas = 1.0e-05 1.0e-04 1.0e-03 1.0e-02 5.0e-02 8.0e-02 1.0e-01 5.0e-01 8.0e-01 1.0e+00 1.5e+00 2.0e+00 5.0e+00 1.0e+01
k = 26
min alpha = 0.05

perplexity_train:
668.4724  761.0848  690.2672  640.3627  624.1135  646.9261  650.1767  781.2809  822.8954  848.9449  894.0639  936.6348 1478.4026 1426.9338


perplexity_test:
80258.6439  1091.8739   949.8902   841.0355   795.3854   815.0508   813.5949   927.7954   963.1141   986.6255  1028.9264  1071.4339  1619.2085  1562.5680


likelihood_train:
-1909389 -2352982 -2318343 -2291732 -2282617 -2295349 -2297120 -2362270 -2380676 -2391727 -2410095 -2426592 -2588460 -2575893

##################################################################################################################################

Model 6: fixed alpha - same documents as NE | VEM
K = 5, 10, 14, 18, 22, 26, 30, 34, 38 , 42 ,46, 50 ,60 ,70 ,80 ,90 ,  100, 110, 120, 150, 200
alpha = 0.05

perplexity_train: 
923.7324 776.1436 717.3151 674.0550 642.4301 628.6510 609.2310 597.1715 585.0982 569.5405 557.3816 550.4394 535.6851 520.9370 509.7254 498.2531 491.0607 483.0742 476.2212 463.1297 448.9649

perplexity_test:
1073.8399  931.4218  877.8884  835.4141  808.2521  798.9988  784.6601  777.1918  766.7700  753.3132  738.6789  737.9403  731.6390  722.9174  717.3336  707.5705  707.1272  709.2564  706.6412 712.1827 723.3893

likelihood_train: 
-2421671 -2359924 -2331973 -2309911 -2292877 -2285187 -2274058 -2266969 -2259723 -2250166 -2242513 -2238065 -2228429 -2218529 -2210816 -2202739 -2197584 -2191767 -2186703 -2176818 -2165801
