Model 3: estimated alpha - NE documents | VEM

K = 5, 10, 14, 18, 22, 26, 30, 34, 38, 42, 46,50, 60, 70, 80, 90, 100, 110, 120, 150 , 200, 500

perplexity_train:
 541.4364, 473.7614, 446.0858, 435.6525, 427.0688, 422.9338, 424.4488, 435.9326, 438.2340, 428.2277, 446.9060, 439.3623, 447.6936, 455.7531, 454.1613, 456.0018, 457.8097 ,452.5052, 440.4543 ,302.0929 ,242.5509,  165.8827

perplexity_test:
605.1856, 548.6138, 523.5465 ,519.4626, 510.7058 ,508.7585, 512.2570, 530.7289, 534.4006, 522.0325, 542.0578 ,537.1534, 546.1868, 557.1522, 559.1590, 562.0207 ,567.0327 ,567.4048 ,568.3768 ,488.4169 ,466.3219,  489.3557

likelihood_train:
-1008687.4 , -987293.2 , -977645.8 , -973851.8 , -970663.1 , -969092.1 , -969679.5 , -973946.2 , -974791.0 , -971097.9 , -977919.4 , -975202.9 , -978208.0 , -981079.9 , -980521.3 , -981163.7 , -981800.2 , -979920.5 , -975538.8 , -915150.2 , -879976.7, -818954.5


##################################################################################################################################
Model 4: estimated alpha - NE documents | GIBBS ini:50/K

K = 5, 10, 14, 18, 22, 26, 30, 34, 38, 42, 46,50, 60, 70, 80, 90, 100, 110, 120, 150 , 200, 500

perplexity_train:
636.8440 ,556.1178 ,519.6721, 492.1232, 472.6889, 458.4194, 446.3176, 435.2736, 426.6147 ,417.2878, 410.0215 ,403.1754 ,390.6185 ,382.3717, 376.1928 ,371.9064 ,369.4566, 366.7987,  366.8875 , 368.2846, 378.2631, 469.2258

perplexity_test:
636.8440 ,556.1178 ,519.6721, 492.1232, 472.6889, 458.4194, 446.3176, 435.2736, 426.6147 ,417.2878, 410.0215 ,403.1754 ,390.6185 ,382.3717, 376.1928 ,371.9064 ,369.4566, 366.7987,  366.8875 , 368.2846, 378.2631, 469.2258

likelihood_train:
-867589.0, -785102.2, -753372.4, -732445.0, -717198.3, -706628.8, -700305.6, -694572.8, -687636.5, -684028.7, -680424.1, -677801.5, -672242.1, -669968.4, -670623.0, -672613.8 , -675842.8, -678421.6, -682841.5 , -696418.2 , -721249.6, -824849.4

##################################################################################################################################
Model 4: estimated alpha - NE documents | GIBBS ini: 5/K

K = 5, 10, 14, 18, 22, 26, 30, 34, 38, 42, 46,50, 60, 70, 80, 90, 100, 110, 120, 150 , 200, 500

perplexity_train:
508.2652 406.7913 372.2276 344.5423 326.2062 312.7646 302.8548 293.9063 286.7757 280.6279 275.5755 271.4678 261.0705 254.9524 248.7086 246.4886 242.7630 239.8008 239.8068 237.3233 238.4495 256.9816

perplexity_test:
508.2652 406.7913 372.2276 344.5423 326.2062 312.7646 302.8548 293.9063 286.7757 280.6279 275.5755 271.4678 261.0705 254.9524 248.7086 246.4886 242.7630 239.8008 239.8068 237.3233 238.4495 256.9816

likelihood_train:
-913865.9 -847783.0 -826910.1 -811354.4 -801124.4 -796010.5 -792492.4 -787907.8 -786010.1 -785387.6 -783862.3 -783506.8 -782413.0 -783018.7 -783203.4 -786190.1 -787412.1 -789690.4 -792997.8 -799815.7 -810909.2 -846535.1


##################################################################################################################################
ALPHA vs PERPLEXITY: fixed alpha - NE documents | VEM | K = 110
alphas = 1e-5, 1e-4,5e-4,0.001,0.004,0.008,0.01,0.014,0.018,0.02,0.03,0.04,0.05,0.08,0.1,0.5,0.8,1,1.5,2,5,10

alpha minimo: 0.008

perplexity_train:
335.1717  305.7529 290.6881 283.5853 283.9874 290.3616 293.1938 301.9144 307.9612 310.8995 319.9935 335.7465 353.2368 390.7668  412.9782  538.0140  560.4248  576.8520 1069.0843  987.5175  854.0007  813.1970

perplexity_test:
835.9483,  677.2747 , 594.4592 ,549.7465 ,506.9201 ,497.1727, 498.5778 ,501.1745 ,501.0816, 501.9408 ,504.2530 ,516.7974, 538.8114 , 572.8860 , 587.9993 , 631.5172 , 642.7162 , 654.1027 ,1133.1687 ,1046.6039 , 905.0412 , 861.7945

likelihood_train:
-931833.7  -917111.0  -909015.8 -905052.3 -905278.1 -908836.0 -910390.0 -915088.2 -918264.9 -919785.9 -924407.6 -932106.5 -940247.2  -956428.7  -965285.8 -1007675.6 -1014216.0 -1018845.7 -1117719.4 -1105000.9 -1081721.6 -1073875.7

#################################################################################################################################
ALPHA vs PERPLEXITY: fixed alpha - NE documents | VEM | K = 26
alphas = 1.0e-05, 1.0e-04, 1.0e-03,   0.010, 0.015, 0.020, 0.025, 0.030, 0.035, 0.040, 0.045, 0.050, 0.055,  0.06,0.07,  8.0e-02, 1.0e-01, 5.0e-01, 0.6,  0.7   , 8.0e-01, 1.0e+00, 1.5e+00, 2.0e+00, 5.0e+00, 1.0e+01

alpha minimo: 0.06

perplexity_train:
429.6533, 525.0604, 467.5327,    408.3442, 402.7484, 401.4048, 399.3693, 402.0735, 393.7486, 400.4787, 399.6323, 398.7258, 397.1907, 394.8135, 401.8881 , 404.7215, 418.3841, 492.9082, 503.5638, 508.5536 ,522.6306, 531.0532, 559.6039, 580.3754, 842.0390, 809.2533


perplexity_test:
2.643437e+07, 7.878784e+02, 6.593391e+02, 535.6318, 523.0976, 517.0551, 512.1635, 518.2383, 504.1828, 506.5524, 507.4643, 501.9045, 497.3973, 495.2877, 500.7342 ,5.013069e+02, 5.164653e+02, 5.668801e+02, 574.6912, 579.2731 , 5.925219e+02, 5.999885e+02, 6.251583e+02, 6.450446e+02, 8.925003e+02, 8.576413e+02
 

likelihood_train:
-720767.8, -1003767.4,  -985171.6,  -963480.7, -961268.7, -960730.0, -959909.2, -960998.6, -957646.2, -960356.8 ,-960022.9, -959659.2 ,-959043.0, -958076.8 -960925.7 , -997069.6, -998650.3,  -962051.3 , -967368.2,  -993643.0, -1003026.0, -1005588.8, -1013980.3, -1019820.9, -1079461.1, -1073096.6


#################################################################################################################################

#################################################################################################################################
#################################################################################################################################

Model 5: fixed alpha - NE documents | VEM
ALPHA=0.008
K = 5, 10, 14, 18, 22, 26, 30, 34, 38, 42, 46,50, 60, 70, 80, 90, 100, 110, 120, 150,200

perplexity_train:
576.8229, 501.7311, 464.6564, 450.7378, 428.3229, 416.0716, 405.4530, 385.8388, 368.8825, 366.4490, 358.8177, 349.1342, 339.1921, 325.9053, 313.3833, 299.4608, 295.6137, 285.5792, 280.9629 , 270.6001,370.3879

perplexity_test:
664.8904, 603.9616, 583.8012, 576.7330, 555.2049, 554.8111, 552.0065, 530.3919, 515.4687, 515.9214, 521.5442, 506.8113, 512.1090, 500.5398, 497.6485, 487.7797, 497.1702, 488.3435, 491.1137 , 500.4459, 643.2931

likelihood_train:
 -1018832.5  -996486.3  -984181.2  -979310.0  -971132.6  -966482.6  -962339.6  -954394.9  -947193.7  -946129.9  -942759.9  -938374.4  -933745.7  -927342.2  -921061.8  -913780.9  -911708.9  -906173.0  -903561.5 , -897539,-2097569


#################################################################################################################################
#################################################################################################################################

Model 5: fixed alpha - NE documents | VEM
ALPHA=0.06
K = 5, 10, 14, 18, 22, 26, 30, 34, 35, 36, 37, 38, 42, 46,50, 60, 70, 80, 90, 100, 110, 120, 150,200

min K = 36

perplexity_train:
541.6926, 469.4574, 430.4923, 421.8346 ,410.3042 ,398.3302 ,390.6137,385.9530 , 386.3725,381.8115, 382.0394, 381.9412 ,379.0509, 377.0574, 375.4923, 371.4585, 365.1429 ,366.7415 ,362.7543 ,365.2594 ,366.5688, 366.9813, 371.1178, 380.496

perplexity_test:
610.9860, 548.5559, 518.5938, 514.0153, 507.5562 ,501.9478, 496.2510 ,495.5325, 496.3769,490.0646, 492.3263, 495.2163, 498.0864 ,499.1657, 499.7394, 507.3084, 509.2415, 524.1687, 523.1370, 537.0010, 551.2229, 556.3936, 588.4604, 643.0382

likelihood_train:
-1008764.3,  -985828.8 , -971945.0 , -968688.4 , -964246.0 , -959501.0 , -956365.9 , -954441.1 , -954615.5, -952714.3, -952810.2, -952768.4 , -951550.0 , -950706.4 , -950039.0 , -948306.9 , -945560.1 , -946260.1 , -944507.3 , -945609.1, -946184.4 , -946363.0 ,-948156.7, -952159.2
